version https://git-lfs.github.com/spec/v1
oid sha256:2b9d5fcb6cbbaa0d17276c163c5968a7cbcdba067727bbdecfad4817e53e2899
size 12103
